fmatmul 4 4 4 1.28 16.0 1 0 0 0
fmatmul 4 4 4 1.28 16.0 1 0 0 0
fmatmul 4 5 4 2.5 16.0 1 0 0 0
fmatmul 4 8 4 10.24 16.0 1 0 0 0
fmatmul 4 11 4 12.859903381642512 16.0 1 0 0 0
fmatmul 4 16 4 12.8 16.0 1 0 0 0
dotproduct 4 8 4 0.32 4.0 1 0 0 0
dotproduct 4 16 4 0.64 4.0 1 0 0 0
dotproduct 4 32 4 1.28 4.0 1 0 0 0
dotproduct 4 64 4 2.56 4.0 1 0 0 0
dotproduct 4 128 4 5.12 4.0 1 0 0 0
dotproduct 4 256 4 10.24 4.0 1 0 0 0
fdotproduct 4 8 4 0.32 4.0 1 0 0 0
fdotproduct 4 16 4 0.64 4.0 1 0 0 0
fdotproduct 4 32 4 1.28 4.0 1 0 0 0
fdotproduct 4 64 4 2.56 4.0 1 0 0 0
fdotproduct 4 128 4 5.12 4.0 1 0 0 0
fdotproduct 4 256 4 10.24 4.0 1 0 0 0
fconv2d 4 4 4 2.88 16.0 1 0 0 0
fconv2d 4 4 4 2.88 16.0 1 0 0 0
fconv2d 4 5 4 4.5 16.0 1 0 0 0
fconv2d 4 8 4 11.52 16.0 1 0 0 0
fconv2d 4 11 4 19.27433628318584 16.0 1 0 0 0
fconv2d 4 16 4 19.2 16.0 1 0 0 0
exp 4 8 4 2.4 10.434782608695652 1 0 0 0
exp 4 16 4 4.8 10.434782608695652 1 0 0 0
exp 4 32 4 9.6 10.434782608695652 1 0 0 0
exp 4 64 4 12.8 10.434782608695652 1 0 0 0
exp 4 128 4 12.8 10.434782608695652 1 0 0 0
exp 4 256 4 12.8 10.434782608695652 1 0 0 0
softmax 4 32 4 10.88 10.074074074074074 1 0 0 0
softmax 4 32 4 10.88 10.074074074074074 1 0 0 0
softmax 4 32 4 10.88 10.074074074074074 1 0 0 0
softmax 4 32 4 12.8 10.074074074074074 1 0 0 0
softmax 4 32 4 12.8 10.074074074074074 1 0 0 0
softmax 4 32 4 12.8 10.074074074074074 1 0 0 0
pathfinder 4 4 4 0.27 8.0 1 0 0 0
pathfinder 4 4 4 0.27 8.0 1 0 0 0
pathfinder 4 5 4 0.48 8.0 1 0 0 0
pathfinder 4 8 4 1.47 8.0 1 0 0 0
pathfinder 4 11 4 3.0 8.0 1 0 0 0
pathfinder 4 16 4 6.75 8.0 1 0 0 0
jacobi2d 4 4 4 0.9 8.0 1 0 0 0
jacobi2d 4 4 4 0.9 8.0 1 0 0 0
jacobi2d 4 5 4 1.6 8.0 1 0 0 0
jacobi2d 4 8 4 4.9 8.0 1 0 0 0
jacobi2d 4 11 4 10.0 8.0 1 0 0 0
jacobi2d 4 16 4 19.396551724137932 8.0 1 0 0 0
fft 4 8 4 1.2 10.0 1 0 0 0
fft 4 16 4 3.2 10.0 1 0 0 0
fft 4 32 4 8.0 10.0 1 0 0 0
fft 4 64 4 12.8 10.0 1 0 0 0
fft 4 128 4 12.8 10.0 1 0 0 0
fft 4 256 4 12.8 10.0 1 0 0 0
dwt 4 8 4 0.84 4.0 1 0 0 0
dwt 4 16 4 1.8 4.0 1 0 0 0
dwt 4 32 4 3.72 4.0 1 0 0 0
dwt 4 64 4 7.56 4.0 1 0 0 0
dwt 4 128 4 15.24 4.0 1 0 0 0
dwt 4 256 4 30.6 4.0 1 0 0 0
roi_align 4 8 4 0.72 7.2 1 0 0 0
roi_align 4 16 4 1.44 7.2 1 0 0 0
roi_align 4 32 4 2.88 7.2 1 0 0 0
roi_align 4 64 4 5.76 7.2 1 0 0 0
roi_align 4 64 4 5.76 7.2 1 0 0 0
roi_align 4 64 4 5.76 7.2 1 0 0 0
