# Benchmark results for 4-lane Ara configuration
# Format: kernel lanes vsize sew perf max_perf ideal_disp
fmatmul 2 4 4 1.28 8.0 1 0 0 0
fmatmul 2 4 4 1.28 8.0 1 0 0 0
fmatmul 2 5 4 2.5 8.0 1 0 0 0
fmatmul 2 8 4 6.4 8.0 1 0 0 0
fmatmul 2 11 4 6.414457831325302 8.0 1 0 0 0
fmatmul 2 16 4 6.4 8.0 1 0 0 0
fmatmul 4 4 4 1.28 16.0 1 0 0 0
fmatmul 4 4 4 1.28 16.0 1 0 0 0
fmatmul 4 5 4 2.5 16.0 1 0 0 0
fmatmul 4 8 4 10.24 16.0 1 0 0 0
fmatmul 4 11 4 12.859903381642512 16.0 1 0 0 0
fmatmul 4 16 4 12.8 16.0 1 0 0 0
fmatmul 8 4 4 1.28 32.0 1 0 0 0
fmatmul 8 4 4 1.28 32.0 1 0 0 0
fmatmul 8 5 4 2.5 32.0 1 0 0 0
fmatmul 8 8 4 10.24 32.0 1 0 0 0
fmatmul 8 11 4 26.098039215686274 32.0 1 0 0 0
fmatmul 8 16 4 25.6 32.0 1 0 0 0
fmatmul 16 4 4 1.28 64.0 1 0 0 0
fmatmul 16 4 4 1.28 64.0 1 0 0 0
fmatmul 16 5 4 2.5 64.0 1 0 0 0
fmatmul 16 8 4 10.24 64.0 1 0 0 0
fmatmul 16 11 4 26.62 64.0 1 0 0 0
fmatmul 16 16 4 51.2 64.0 1 0 0 0
dotproduct 2 8 4 0.32 2.0 1 0 0 0
dotproduct 2 16 4 0.64 2.0 1 0 0 0
dotproduct 2 32 4 1.28 2.0 1 0 0 0
dotproduct 2 64 4 2.56 2.0 1 0 0 0
dotproduct 2 128 4 5.12 2.0 1 0 0 0
dotproduct 2 256 4 10.24 2.0 1 0 0 0
dotproduct 4 8 4 0.32 4.0 1 0 0 0
dotproduct 4 16 4 0.64 4.0 1 0 0 0
dotproduct 4 32 4 1.28 4.0 1 0 0 0
dotproduct 4 64 4 2.56 4.0 1 0 0 0
dotproduct 4 128 4 5.12 4.0 1 0 0 0
dotproduct 4 256 4 10.24 4.0 1 0 0 0
dotproduct 8 8 4 0.32 8.0 1 0 0 0
dotproduct 8 16 4 0.64 8.0 1 0 0 0
dotproduct 8 32 4 1.28 8.0 1 0 0 0
dotproduct 8 64 4 2.56 8.0 1 0 0 0
dotproduct 8 128 4 5.12 8.0 1 0 0 0
dotproduct 8 256 4 10.24 8.0 1 0 0 0
dotproduct 16 8 4 0.32 16.0 1 0 0 0
dotproduct 16 16 4 0.64 16.0 1 0 0 0
dotproduct 16 32 4 1.28 16.0 1 0 0 0
dotproduct 16 64 4 2.56 16.0 1 0 0 0
dotproduct 16 128 4 5.12 16.0 1 0 0 0
dotproduct 16 256 4 10.24 16.0 1 0 0 0
fdotproduct 2 8 4 0.32 2.0 1 0 0 0
fdotproduct 2 16 4 0.64 2.0 1 0 0 0
fdotproduct 2 32 4 1.28 2.0 1 0 0 0
fdotproduct 2 64 4 2.56 2.0 1 0 0 0
fdotproduct 2 128 4 5.12 2.0 1 0 0 0
fdotproduct 2 256 4 10.24 2.0 1 0 0 0
fdotproduct 4 8 4 0.32 4.0 1 0 0 0
fdotproduct 4 16 4 0.64 4.0 1 0 0 0
fdotproduct 4 32 4 1.28 4.0 1 0 0 0
fdotproduct 4 64 4 2.56 4.0 1 0 0 0
fdotproduct 4 128 4 5.12 4.0 1 0 0 0
fdotproduct 4 256 4 10.24 4.0 1 0 0 0
fdotproduct 8 8 4 0.32 8.0 1 0 0 0
fdotproduct 8 16 4 0.64 8.0 1 0 0 0
fdotproduct 8 32 4 1.28 8.0 1 0 0 0
fdotproduct 8 64 4 2.56 8.0 1 0 0 0
fdotproduct 8 128 4 5.12 8.0 1 0 0 0
fdotproduct 8 256 4 10.24 8.0 1 0 0 0
fdotproduct 16 8 4 0.32 16.0 1 0 0 0
fdotproduct 16 16 4 0.64 16.0 1 0 0 0
fdotproduct 16 32 4 1.28 16.0 1 0 0 0
fdotproduct 16 64 4 2.56 16.0 1 0 0 0
fdotproduct 16 128 4 5.12 16.0 1 0 0 0
fdotproduct 16 256 4 10.24 16.0 1 0 0 0
fconv2d 2 4 4 2.88 8.0 1 0 0 0
fconv2d 2 4 4 2.88 8.0 1 0 0 0
fconv2d 2 5 4 4.5 8.0 1 0 0 0
fconv2d 2 8 4 9.6 8.0 1 0 0 0
fconv2d 2 11 4 9.63716814159292 8.0 1 0 0 0
fconv2d 2 16 4 9.6 8.0 1 0 0 0
fconv2d 4 4 4 2.88 16.0 1 0 0 0
fconv2d 4 4 4 2.88 16.0 1 0 0 0
fconv2d 4 5 4 4.5 16.0 1 0 0 0
fconv2d 4 8 4 11.52 16.0 1 0 0 0
fconv2d 4 11 4 19.27433628318584 16.0 1 0 0 0
fconv2d 4 16 4 19.2 16.0 1 0 0 0
fconv2d 8 4 4 2.88 32.0 1 0 0 0
fconv2d 8 4 4 2.88 32.0 1 0 0 0
fconv2d 8 5 4 4.5 32.0 1 0 0 0
fconv2d 8 8 4 11.52 32.0 1 0 0 0
fconv2d 8 11 4 21.78 32.0 1 0 0 0
fconv2d 8 16 4 38.4 32.0 1 0 0 0
fconv2d 16 4 4 2.88 64.0 1 0 0 0
fconv2d 16 4 4 2.88 64.0 1 0 0 0
fconv2d 16 5 4 4.5 64.0 1 0 0 0
fconv2d 16 8 4 11.52 64.0 1 0 0 0
fconv2d 16 11 4 21.78 64.0 1 0 0 0
fconv2d 16 16 4 46.08 64.0 1 0 0 0
exp 2 8 4 2.4 5.217391304347826 1 0 0 0
exp 2 16 4 4.8 5.217391304347826 1 0 0 0
exp 2 32 4 6.4 5.217391304347826 1 0 0 0
exp 2 64 4 6.4 5.217391304347826 1 0 0 0
exp 2 128 4 6.4 5.217391304347826 1 0 0 0
exp 2 256 4 6.4 5.217391304347826 1 0 0 0
exp 4 8 4 2.4 10.434782608695652 1 0 0 0
exp 4 16 4 4.8 10.434782608695652 1 0 0 0
exp 4 32 4 9.6 10.434782608695652 1 0 0 0
exp 4 64 4 12.8 10.434782608695652 1 0 0 0
exp 4 128 4 12.8 10.434782608695652 1 0 0 0
exp 4 256 4 12.8 10.434782608695652 1 0 0 0
exp 8 8 4 2.4 20.869565217391305 1 0 0 0
exp 8 16 4 4.8 20.869565217391305 1 0 0 0
exp 8 32 4 9.6 20.869565217391305 1 0 0 0
exp 8 64 4 19.2 20.869565217391305 1 0 0 0
exp 8 128 4 25.6 20.869565217391305 1 0 0 0
exp 8 256 4 25.6 20.869565217391305 1 0 0 0
exp 16 8 4 2.4 41.73913043478261 1 0 0 0
exp 16 16 4 4.8 41.73913043478261 1 0 0 0
exp 16 32 4 9.6 41.73913043478261 1 0 0 0
exp 16 64 4 19.2 41.73913043478261 1 0 0 0
exp 16 128 4 38.4 41.73913043478261 1 0 0 0
exp 16 256 4 51.2 41.73913043478261 1 0 0 0
softmax 2 32 4 10.88 5.037037037037037 1 0 0 0
softmax 2 32 4 10.88 5.037037037037037 1 0 0 0
softmax 2 32 4 6.4 5.037037037037037 1 0 0 0
softmax 2 32 4 6.4 5.037037037037037 1 0 0 0
softmax 2 32 4 6.4 5.037037037037037 1 0 0 0
softmax 2 32 4 6.4 5.037037037037037 1 0 0 0
softmax 4 32 4 10.88 10.074074074074074 1 0 0 0
softmax 4 32 4 10.88 10.074074074074074 1 0 0 0
softmax 4 32 4 10.88 10.074074074074074 1 0 0 0
softmax 4 32 4 12.8 10.074074074074074 1 0 0 0
softmax 4 32 4 12.8 10.074074074074074 1 0 0 0
softmax 4 32 4 12.8 10.074074074074074 1 0 0 0
softmax 8 32 4 10.88 20.14814814814815 1 0 0 0
softmax 8 32 4 10.88 20.14814814814815 1 0 0 0
softmax 8 32 4 10.88 20.14814814814815 1 0 0 0
softmax 8 32 4 21.76 20.14814814814815 1 0 0 0
softmax 8 32 4 25.6 20.14814814814815 1 0 0 0
softmax 8 32 4 25.6 20.14814814814815 1 0 0 0
softmax 16 32 4 10.88 40.2962962962963 1 0 0 0
softmax 16 32 4 10.88 40.2962962962963 1 0 0 0
softmax 16 32 4 10.88 40.2962962962963 1 0 0 0
softmax 16 32 4 21.76 40.2962962962963 1 0 0 0
softmax 16 32 4 43.52 40.2962962962963 1 0 0 0
softmax 16 32 4 51.2 40.2962962962963 1 0 0 0
pathfinder 2 4 4 0.27 4.0 1 0 0 0
pathfinder 2 4 4 0.27 4.0 1 0 0 0
pathfinder 2 5 4 0.48 4.0 1 0 0 0
pathfinder 2 8 4 1.47 4.0 1 0 0 0
pathfinder 2 11 4 3.0 4.0 1 0 0 0
pathfinder 2 16 4 6.75 4.0 1 0 0 0
pathfinder 4 4 4 0.27 8.0 1 0 0 0
pathfinder 4 4 4 0.27 8.0 1 0 0 0
pathfinder 4 5 4 0.48 8.0 1 0 0 0
pathfinder 4 8 4 1.47 8.0 1 0 0 0
pathfinder 4 11 4 3.0 8.0 1 0 0 0
pathfinder 4 16 4 6.75 8.0 1 0 0 0
pathfinder 8 4 4 0.27 16.0 1 0 0 0
pathfinder 8 4 4 0.27 16.0 1 0 0 0
pathfinder 8 5 4 0.48 16.0 1 0 0 0
pathfinder 8 8 4 1.47 16.0 1 0 0 0
pathfinder 8 11 4 3.0 16.0 1 0 0 0
pathfinder 8 16 4 6.75 16.0 1 0 0 0
pathfinder 16 4 4 0.27 32.0 1 0 0 0
pathfinder 16 4 4 0.27 32.0 1 0 0 0
pathfinder 16 5 4 0.48 32.0 1 0 0 0
pathfinder 16 8 4 1.47 32.0 1 0 0 0
pathfinder 16 11 4 3.0 32.0 1 0 0 0
pathfinder 16 16 4 6.75 32.0 1 0 0 0
jacobi2d 2 4 4 0.9 4.0 1 0 0 0
jacobi2d 2 4 4 0.9 4.0 1 0 0 0
jacobi2d 2 5 4 1.6 4.0 1 0 0 0
jacobi2d 2 8 4 4.9 4.0 1 0 0 0
jacobi2d 2 11 4 9.70873786407767 4.0 1 0 0 0
jacobi2d 2 16 4 9.656652360515022 4.0 1 0 0 0
jacobi2d 4 4 4 0.9 8.0 1 0 0 0
jacobi2d 4 4 4 0.9 8.0 1 0 0 0
jacobi2d 4 5 4 1.6 8.0 1 0 0 0
jacobi2d 4 8 4 4.9 8.0 1 0 0 0
jacobi2d 4 11 4 10.0 8.0 1 0 0 0
jacobi2d 4 16 4 19.396551724137932 8.0 1 0 0 0
jacobi2d 8 4 4 0.9 16.0 1 0 0 0
jacobi2d 8 4 4 0.9 16.0 1 0 0 0
jacobi2d 8 5 4 1.6 16.0 1 0 0 0
jacobi2d 8 8 4 4.9 16.0 1 0 0 0
jacobi2d 8 11 4 10.0 16.0 1 0 0 0
jacobi2d 8 16 4 22.5 16.0 1 0 0 0
jacobi2d 16 4 4 0.9 32.0 1 0 0 0
jacobi2d 16 4 4 0.9 32.0 1 0 0 0
jacobi2d 16 5 4 1.6 32.0 1 0 0 0
jacobi2d 16 8 4 4.9 32.0 1 0 0 0
jacobi2d 16 11 4 10.0 32.0 1 0 0 0
jacobi2d 16 16 4 22.5 32.0 1 0 0 0
fft 2 8 4 1.2 5.0 1 0 0 0
fft 2 16 4 3.2 5.0 1 0 0 0
fft 2 32 4 6.4 5.0 1 0 0 0
fft 2 64 4 6.4 5.0 1 0 0 0
fft 2 128 4 6.4 5.0 1 0 0 0
fft 2 256 4 6.4 5.0 1 0 0 0
fft 4 8 4 1.2 10.0 1 0 0 0
fft 4 16 4 3.2 10.0 1 0 0 0
fft 4 32 4 8.0 10.0 1 0 0 0
fft 4 64 4 12.8 10.0 1 0 0 0
fft 4 128 4 12.8 10.0 1 0 0 0
fft 4 256 4 12.8 10.0 1 0 0 0
fft 8 8 4 1.2 20.0 1 0 0 0
fft 8 16 4 3.2 20.0 1 0 0 0
fft 8 32 4 8.0 20.0 1 0 0 0
fft 8 64 4 19.2 20.0 1 0 0 0
fft 8 128 4 25.6 20.0 1 0 0 0
fft 8 256 4 25.6 20.0 1 0 0 0
fft 16 8 4 1.2 40.0 1 0 0 0
fft 16 16 4 3.2 40.0 1 0 0 0
fft 16 32 4 8.0 40.0 1 0 0 0
fft 16 64 4 19.2 40.0 1 0 0 0
fft 16 128 4 44.8 40.0 1 0 0 0
fft 16 256 4 51.2 40.0 1 0 0 0
dwt 2 8 4 0.84 2.0 1 0 0 0
dwt 2 16 4 1.8 2.0 1 0 0 0
dwt 2 32 4 3.72 2.0 1 0 0 0
dwt 2 64 4 7.56 2.0 1 0 0 0
dwt 2 128 4 15.24 2.0 1 0 0 0
dwt 2 256 4 19.125 2.0 1 0 0 0
dwt 4 8 4 0.84 4.0 1 0 0 0
dwt 4 16 4 1.8 4.0 1 0 0 0
dwt 4 32 4 3.72 4.0 1 0 0 0
dwt 4 64 4 7.56 4.0 1 0 0 0
dwt 4 128 4 15.24 4.0 1 0 0 0
dwt 4 256 4 30.6 4.0 1 0 0 0
dwt 8 8 4 0.84 8.0 1 0 0 0
dwt 8 16 4 1.8 8.0 1 0 0 0
dwt 8 32 4 3.72 8.0 1 0 0 0
dwt 8 64 4 7.56 8.0 1 0 0 0
dwt 8 128 4 15.24 8.0 1 0 0 0
dwt 8 256 4 30.6 8.0 1 0 0 0
dwt 16 8 4 0.84 16.0 1 0 0 0
dwt 16 16 4 1.8 16.0 1 0 0 0
dwt 16 32 4 3.72 16.0 1 0 0 0
dwt 16 64 4 7.56 16.0 1 0 0 0
dwt 16 128 4 15.24 16.0 1 0 0 0
dwt 16 256 4 30.6 16.0 1 0 0 0
roi_align 2 8 4 0.72 3.6 1 0 0 0
roi_align 2 16 4 1.44 3.6 1 0 0 0
roi_align 2 32 4 2.88 3.6 1 0 0 0
roi_align 2 64 4 5.76 3.6 1 0 0 0
roi_align 2 64 4 5.76 3.6 1 0 0 0
roi_align 2 64 4 5.76 3.6 1 0 0 0
roi_align 4 8 4 0.72 7.2 1 0 0 0
roi_align 4 16 4 1.44 7.2 1 0 0 0
roi_align 4 32 4 2.88 7.2 1 0 0 0
roi_align 4 64 4 5.76 7.2 1 0 0 0
roi_align 4 64 4 5.76 7.2 1 0 0 0
roi_align 4 64 4 5.76 7.2 1 0 0 0
roi_align 8 8 4 0.72 14.4 1 0 0 0
roi_align 8 16 4 1.44 14.4 1 0 0 0
roi_align 8 32 4 2.88 14.4 1 0 0 0
roi_align 8 64 4 5.76 14.4 1 0 0 0
roi_align 8 64 4 5.76 14.4 1 0 0 0
roi_align 8 64 4 5.76 14.4 1 0 0 0
roi_align 16 8 4 0.72 28.8 1 0 0 0
roi_align 16 16 4 1.44 28.8 1 0 0 0
roi_align 16 32 4 2.88 28.8 1 0 0 0
roi_align 16 64 4 5.76 28.8 1 0 0 0
roi_align 16 64 4 5.76 28.8 1 0 0 0
roi_align 16 64 4 5.76 28.8 1 0 0 0
